200
-89.900000 45.000000 2835.000000
0
0
-89.800000 -60.000000 2835.000000
0
0
-83.200000 174.500000 60.000000
0
0
-82.600000 -174.300000 55.000000
0
0
-80.000000 -179.000000 55.000000
0
0
-80.000000 -120.000000 1530.000000
0
0
-79.900000 169.800000 60.000000
0
0
-79.500000 40.600000 3505.000000
0
0
-78.800000 166.900000 66.000000
0
0
-78.500000 170.200000 49.000000
0
0
-78.200000 -161.900000 45.000000
0
0
-78.100000 97.500000 3540.000000
0
0
-78.000000 168.200000 25.000000
0
0
-78.000000 170.800000 44.000000
0
0
-77.800000 167.700000 44.000000
0
0
-77.700000 -41.100000 42.000000
0
0
-77.600000 160.100000 1750.000000
0
0
-77.400000 163.800000 121.000000
0
0
-76.200000 168.700000 274.000000
0
0
-75.300000 -77.100000 421.000000
0
0
-74.900000 163.600000 80.000000
0
0
-74.700000 136.900000 100.000000
0
0
-74.500000 123.000000 3280.000000
0
0
-72.300000 170.200000 5.000000
0
1
1961.541667 
-72.200000 -60.300000 91.000000
0
0
-70.600000 -61.000000 396.000000
0
0
-70.400000 -2.500000 56.000000
0
0
-70.400000 24.300000 38.000000
0
0
-70.300000 -2.400000 52.000000
0
1
1962.041667 
-70.300000 2.500000 NaN
0
0
-70.000000 12.900000 24.000000
0
0
-70.000000 134.700000 2500.000000
0
0
-69.700000 95.500000 2700.000000
0
0
-69.400000 139.000000 2400.000000
0
0
-68.200000 -67.000000 9.000000
0
0
-68.200000 137.500000 2105.000000
0
0
-67.800000 -67.300000 9.000000
0
0
-66.900000 -66.800000 7.000000
0
0
-66.900000 -60.500000 50.000000
0
0
-66.300000 100.700000 28.000000
0
0
-65.000000 -60.100000 32.000000
0
0
-64.800000 -63.500000 8.000000
0
0
-63.400000 -57.000000 52.000000
0
0
-62.900000 -60.600000 14.000000
0
0
-62.600000 -60.000000 20.000000
0
0
-61.917000 -57.583000 17.700000
0
0
-61.017000 -59.433000 7.900000
0
0
-60.300000 -72.000000 204.000000
0
0
-53.200000 -70.900000 8.000000
0
0
-51.800000 -58.500000 73.000000
0
0
-46.500000 -71.000000 429.000000
0
0
-44.000000 -70.400000 729.000000
0
0
-43.500000 147.200000 54.000000
0
0
-42.700000 -65.100000 136.000000
0
0
-42.000000 -71.500000 337.000000
0
0
-41.500000 -72.900000 3.000000
0
0
-41.300000 -71.600000 1955.000000
0
0
-41.100000 146.800000 4.000000
0
0
-39.100000 174.100000 58.000000
0
0
-39.000000 -64.100000 79.000000
0
0
-38.100000 -57.600000 5.000000
0
0
-38.100000 179.300000 288.000000
0
0
-37.900000 144.800000 14.000000
0
0
-37.800000 140.800000 69.000000
0
0
-37.500000 -62.000000 234.000000
0
0
-37.200000 -59.300000 175.000000
0
0
-36.900000 -60.200000 166.000000
0
0
-36.800000 -59.900000 147.000000
0
0
-36.300000 -61.100000 93.000000
0
0
-36.100000 -59.100000 38.000000
0
0
-35.700000 136.600000 145.000000
0
0
-35.500000 -60.900000 75.000000
0
0
-35.500000 145.000000 95.000000
0
0
-35.200000 147.500000 217.500000
0
0
-35.000000 -57.900000 21.000000
0
0
-35.000000 150.500000 108.000000
0
0
-34.800000 -56.300000 55.000000
0
0
-34.600000 -71.000000 350.000000
0
0
-34.400000 115.100000 22.000000
0
0
-34.200000 -70.800000 500.000000
0
0
-33.600000 -59.400000 5.000000
0
0
-32.300000 148.600000 265.000000
0
0
-32.200000 148.600000 285.000000
0
0
-32.000000 -65.100000 569.000000
0
0
-32.000000 115.650000 39.500000
0
1
1961.041667 
-32.000000 141.500000 304.000000
0
0
-31.600000 145.800000 265.000000
0
1
1971.041667 
-31.300000 -54.100000 217.000000
0
0
-31.200000 136.800000 169.000000
0
0
-31.100000 -61.600000 100.000000
0
0
-30.800000 121.500000 361.000000
0
0
-30.400000 -67.450000 630.000000
0
0
-30.100000 145.900000 110.000000
0
0
-30.000000 31.000000 0.000000
0
2
1931.041667 1951.041667 
-29.800000 151.100000 603.000000
0
0
-29.500000 149.800000 214.000000
0
0
-29.200000 -67.400000 945.000000
0
0
-27.700000 -48.600000 5.000000
0
0
-27.200000 -53.200000 247.000000
0
0
-26.900000 -55.200000 150.000000
0
0
-26.533000 -57.017000 52.100000
0
0
-26.300000 -53.200000 815.000000
0
0
-26.200000 -56.400000 150.000000
0
0
-26.000000 32.600000 64.000000
0
0
-25.900000 139.300000 43.000000
0
0
-25.700000 -54.500000 180.000000
0
0
-25.500000 -50.600000 837.000000
0
0
-24.717000 -56.350000 116.100000
0
0
-23.400000 119.800000 526.000000
0
0
-22.700000 -63.800000 450.000000
0
0
-22.500000 -44.500000 439.000000
0
0
-22.300000 -53.900000 369.000000
0
0
-22.100000 -51.400000 435.000000
0
0
-22.000000 -47.900000 856.000000
0
0
-21.800000 -41.300000 11.000000
0
0
-21.800000 114.200000 8.000000
0
0
-21.700000 21.700000 1100.000000
0
0
-21.300000 -63.500000 400.000000
0
0
-21.100000 -49.000000 536.000000
0
0
-20.800000 -138.600000 3.000000
0
0
-20.600000 -47.400000 1026.000000
0
0
-20.400000 -50.000000 503.000000
0
0
-20.300000 -40.300000 36.000000
0
0
-19.800000 -42.200000 609.000000
0
0
-19.700000 -51.200000 331.000000
0
0
-19.600000 -65.800000 4002.000000
0
0
-19.500000 -59.400000 150.000000
0
0
-19.300000 121.500000 3.000000
0
0
-18.700000 -39.900000 25.000000
0
0
-18.500000 -64.100000 0.000000
0
0
-18.500000 -54.800000 286.000000
0
0
-18.300000 143.600000 302.000000
0
0
-18.250000 127.650000 406.000000
0
1
1961.041667 
-17.900000 -41.500000 356.000000
0
0
-17.700000 -46.200000 760.000000
0
0
-17.500000 -69.800000 4451.000000
0
0
-16.500000 -151.800000 3.000000
0
0
-16.400000 -58.300000 0.000000
0
0
-16.300000 -62.500000 579.000000
0
0
-15.900000 -63.100000 247.000000
0
0
-15.800000 -71.100000 4405.000000
0
0
-15.800000 -70.000000 3852.000000
0
0
-15.700000 -52.800000 416.000000
0
0
-15.500000 -47.300000 906.000000
0
0
-15.000000 -147.700000 4.000000
0
0
-15.000000 -65.600000 241.000000
0
0
-15.000000 -40.900000 893.000000
0
0
-15.000000 40.700000 15.000000
0
0
-15.000000 40.700000 11.000000
0
0
-14.900000 -66.900000 240.000000
0
0
-14.700000 -68.500000 1383.000000
0
0
-14.500000 132.400000 135.000000
0
0
-14.200000 -141.200000 2.000000
0
0
-14.100000 -46.400000 950.000000
0
0
-13.900000 167.600000 42.000000
0
0
-13.400000 -64.100000 236.000000
0
0
-13.300000 48.300000 11.000000
0
0
-13.100000 -63.800000 142.000000
0
0
-13.000000 -58.300000 385.000000
0
0
-12.700000 -60.100000 652.000000
0
0
-12.600000 -41.400000 438.000000
0
0
-12.600000 13.400000 41.000000
0
0
-12.600000 141.900000 0.000000
0
0
-12.400000 17.000000 1702.000000
0
0
-12.300000 -46.400000 660.000000
0
0
-12.100000 -75.300000 3386.000000
0
0
-11.900000 -76.967000 155.100000
0
0
-11.500000 -75.900000 3631.000000
0
0
-11.200000 -40.500000 484.000000
0
0
-11.100000 -75.300000 800.000000
0
0
-10.800000 -76.200000 4497.000000
0
1
1971.041667 
-10.800000 -65.400000 170.000000
0
0
-10.700000 152.800000 14.000000
0
0
-10.400000 105.700000 248.000000
0
0
-10.200000 123.650000 108.000000
0
1
1951.041667 
-9.200000 124.367000 5.000000
0
0
-9.200000 124.400000 2.000000
0
0
-8.867000 126.367000 47.000000
0
0
-8.600000 118.700000 2.000000
0
0
-8.567000 125.567000 6.000000
0
0
-8.550000 126.567000 550.000000
0
0
-8.400000 117.400000 3.000000
0
0
-8.000000 112.700000 526.000000
0
0
-7.900000 110.900000 104.000000
0
0
-7.800000 110.400000 107.000000
0
0
-7.600000 111.500000 110.000000
0
0
-7.300000 -64.800000 60.000000
0
0
-7.300000 -39.300000 409.000000
0
0
-7.300000 12.900000 15.000000
0
0
-7.200000 112.700000 3.000000
0
0
-7.000000 -37.300000 249.000000
0
0
-6.600000 106.900000 171.000000
0
0
-6.500000 106.800000 250.000000
0
0
-6.300000 -57.700000 98.000000
0
0
-6.200000 39.200000 18.000000
0
2
1931.041667 1952.041667 
-6.100000 106.700000 8.000000
0
0
-6.100000 106.900000 2.000000
0
0
-5.900000 12.400000 117.000000
0
0
-5.900000 29.200000 818.000000
0
0
-5.800000 -61.300000 50.000000
0
0
